camera_matrix:
- - 950.808217327545
  - 0.0
  - 621.8344954287857
- - 0.0
  - 966.6304433056954
  - 241.00982314842685
- - 0.0
  - 0.0
  - 1.0
dist_coeff:
- - 0.03672202315425214
  - 0.008740819011447546
  - -0.040285666478112256
  - 0.0003312300709975179
  - -1.7791292452444352
